% amed015 accumulation vector
39 1
  1.93560e3
  -1.18726e4
  -2.00000e0
  2.00000e-5
  7.70960e3
  1.04340e5
  -9.14990e2
  -2.09486e5
  -7.70960e3
  -2.00000e-5
  -2.00000e0
  2.00000e0
  -3.49000e3
  3.49000e3
  2.88900e3
  9.25000e3
  2.23820e3
  -2.00000e0
  9.14990e2
  -9.14990e2
  -2.23820e3
  9.00000e0
  -1.00000e1
  -2.24020e3
  1.95642e4
  -1.46300e4
  -1.17928e4
  1.17928e4
  9.11990e2
  -9.11990e2
  7.98228e4
  0.00000e0
  4.16400e3
  1.46280e4
  -1.00000e0
  1.00000e0
  0.00000e0
  -5.72920e3
  2.24020e3