% astd015 accumulation vector
39 1 39
  -2.00000e2
  -1.22400e3
  9.78030e-7
  -3.24000e-7
  -2.63720e4
  2.74380e5
  8.90130e3
  -9.45960e5
  2.63720e4
  2.51230e-5
  -8.93720e-15
  8.93720e-15
  -1.40290e4
  1.40290e4
  -1.30860e4
  1.67990e4
  -4.84120e3
  -3.12756e-6
  -8.90130e3
  8.90130e3
  4.84120e3
  -8.16180e-7
  8.16180e-7
  4.84120e3
  1.93200e4
  3.03900e5
  -6.72920e4
  6.72920e4
  -8.90130e3
  8.90130e3
  6.49490e5
  -7.40000e-9
  2.75960e4
  -3.03900e5
  -1.80680e-8
  1.80680e-8
  0.00000e0
  -9.18780e3
  -4.84120e3